-0.23164128
-0.42241552
-0.51733583
-0.53732353
-0.54268193
-0.54697573
-0.5484293
-0.54909426
-0.54971945
-0.5505905
-0.5508267
-0.5511346
-0.55239785
-0.5522456
-0.55122083
-0.5526466
-0.55288196
-0.5525501
-0.55236614
-0.553137
-0.5530133
-0.5530198
-0.55365723
-0.5534473
-0.5545314
-0.5532641
-0.55364454
-0.5533232
-0.5539526
-0.55380946
-0.55364674
-0.5543004
-0.5535401
-0.5544861
-0.5543529
-0.5530681
-0.5541348
-0.55373544
-0.55442536
-0.5538988
-0.55505675
-0.5538061
-0.5552323
-0.5542257
-0.55468917
-0.55493116
-0.5553801
-0.55399096
-0.55492914
-0.5557734
-0.55528086
-0.55501825
-0.55531645
-0.5557042
-0.5554036
-0.5557219
-0.5567694
-0.5564235
-0.5563493
-0.5549628
-0.5562349
-0.5552523
-0.5561787
-0.55599445
-0.55685455
-0.5559585
-0.55559385
-0.5573224
-0.5568612
-0.55571103
-0.55614334
-0.5568736
-0.5575461
-0.5574572
-0.55699396
-0.5573844
-0.557225
-0.5576464
-0.55782896
-0.55632746
-0.5574764
-0.5570683
-0.5572045
-0.5574693
-0.55774444
-0.5567818
-0.5570383
-0.5584927
-0.5577796
-0.5587259
-0.55789703
-0.5568876
-0.55859965
-0.5583184
-0.5573318
-0.5583476
-0.5587265
-0.558485
-0.55819374
-0.55863345
-0.55915916
-0.55831236
-0.55804396
-0.5578929
-0.5576785
-0.5589967
-0.55858225
-0.5594425
-0.55956864
-0.55966216
-0.5571237
-0.5586244
-0.5592955
-0.5583414
-0.55897725
-0.5577795
-0.5590441
-0.55938685
-0.5596747
-0.5595052
-0.5594443
-0.5595578
-0.55917364
-0.55879664
-0.5590099
-0.5597513
-0.55795527
-0.55193573
-0.56698114
-0.57680535
-0.58159643
-0.58338946
-0.5858946
-0.5882551
-0.58981353
-0.59191877
-0.59298676
-0.5930609
-0.5953327
-0.5950376
-0.59675914
-0.5967513
-0.5977386
-0.59647393
-0.5979935
-0.5981894
-0.5975764
-0.59923106
-0.5995682
-0.6008
-0.59911746
-0.5987864
-0.59968734
-0.60059834
-0.5996851
-0.5997688
-0.5999651
-0.6000721
-0.6000857
-0.60063994
-0.60090643
-0.60079145
-0.60016996
-0.6012692
-0.60049194
-0.6005314
-0.60062516
-0.6010541
-0.60044676
-0.60099155
-0.60081255
-0.60165393
-0.6015905
-0.60194355
-0.6007716
-0.60123473
-0.60210806
-0.6018231
-0.6004366
-0.60168844
-0.6024272
-0.60212225
-0.6017871
-0.6017936
-0.6022853
-0.6003974
-0.6016494
-0.6019097
-0.60199803
-0.60210884
-0.6022524
-0.6017678
-0.6017781
-0.6017571
-0.6010194
-0.6019067
-0.6021937
-0.6022459
-0.60225457
-0.6011016
-0.60220313
-0.6019326
-0.6019234
-0.60113
-0.6025143
-0.60159487
-0.60076046
-0.6027658
-0.6037661
-0.60290754
-0.6021299
-0.60227287
-0.60215765
-0.60279953
-0.6027187
-0.60229677
-0.6016488
-0.60288405
-0.6025543
-0.6013249
-0.60202116
-0.60301656
-0.603402
-0.6023117
-0.60264015
-0.6033381
-0.6026161
-0.6038865
-0.60094047
-0.6007568
-0.60294026
-0.6023039
-0.60296255
-0.60337734
-0.60193557
-0.6033979
-0.6027063
-0.6032487
-0.6029929
-0.6028197
-0.60161734
-0.60257274
-0.60210574
-0.60243225
-0.6028166
-0.603179
-0.60315835
-0.6030484
-0.60313445
-0.60332125
-0.6033642
-0.60193443
-0.60305417
-0.60225564
-0.6025484
-0.60407066
-0.603511
-0.6023364
-0.6016664
-0.60337555
-0.60363925
-0.6028594
-0.6040627
-0.60350585
-0.60353905
-0.6029266
-0.6041582
-0.6036276
-0.6034708
-0.60243267
-0.60254693
-0.60380274
-0.6012198
-0.6032829
-0.60240746
-0.60304743
-0.6038308
-0.60235393
-0.6032817
-0.60287255
-0.60324454
-0.6030029
-0.6043839
-0.6025119
-0.6037849
-0.6027657
-0.6033785
-0.60244465
-0.6030776
-0.6037372
-0.6035484
-0.6032799
-0.60196763
-0.6027821
-0.60331243
-0.60377496
-0.6031124
-0.6040844
-0.60390365
-0.6034123
-0.6026014
-0.6031451
-0.60375327
-0.6037006
-0.6032271
-0.60274595
-0.6028308
-0.6030126
-0.6029864
-0.6034149
-0.6035485
-0.6031768
-0.603962
-0.60401195
-0.60449886
-0.604731
-0.6035102
-0.60371035
-0.6037607
-0.603947
-0.6036103
-0.6035344
-0.6032638
-0.6035605
-0.60425496
-0.6041529
-0.60428226
-0.6037661
-0.60353243
-0.6032949
-0.6035321
-0.6026604
-0.603533
-0.6024454
-0.60414463
-0.602213
-0.6024318
-0.603347
-0.60319704
-0.60351115
-0.60322315
-0.6027862
-0.60378784
-0.60401356
-0.6033758
-0.6030266
-0.6038965
-0.6043923
-0.6033722
-0.60407066
-0.6042801
-0.60368955
-0.60264516
-0.6041689
-0.60326076
-0.60321444
-0.6037996
-0.6036607
-0.6031565
-0.6039663
-0.6043514
-0.60394984
-0.6034359
-0.6033336
-0.6048671
-0.6040333
-0.6035044
-0.6036987
-0.6034414
-0.6031782
-0.6039586
-0.6042244
-0.60331076
-0.6034269
-0.60402465
-0.60389704
-0.60416234
-0.603105
-0.60428244
-0.60366845
-0.6036139
-0.6036122
-0.6027484
-0.6043784
-0.6039914
-0.6033316
-0.6031309
-0.6041128
-0.6037921
-0.60402745
-0.6042991
-0.6046249
-0.6030542
-0.60313994
-0.60431075
-0.6038342
-0.60479575
-0.60462123
-0.60466266
-0.60362124
-0.6040282
-0.60308
-0.60385334
-0.6038196
-0.60472834
-0.60381293
-0.60389316
-0.6034621
-0.6037302
-0.6038861
-0.60304487
-0.6033483
-0.6042352
-0.60325783
-0.60466194
-0.6030121
-0.60430384
-0.60392034
-0.6043099
-0.60301596
-0.60339594
-0.60559547
-0.6036725
-0.6043225
-0.6051104
-0.6047981
-0.6038813
-0.60435975
-0.6039716
-0.6037282
-0.60453904
-0.6045946
-0.6038536
-0.6042666
-0.60481894
-0.60306203
-0.603621
-0.603932
-0.60552627
-0.60463387
-0.60426635
-0.6038588
-0.6040046
-0.60451686
-0.6022436
-0.6024086
-0.60467505
-0.60433984
-0.60466945
-0.60494494
-0.6047552
-0.60389
-0.6034738
-0.6048224
-0.60384727
-0.6040508
-0.60407865
-0.60543895
-0.6042009
-0.604052
-0.6042494
-0.6038206
-0.60539633
-0.6030843
-0.60389805
-0.6042441
-0.6056666
-0.604422
-0.60333276
-0.60319746
-0.6023597
-0.6054147
-0.6049339
-0.6045709
-0.6054647
-0.60446507
-0.603593
-0.60470665
-0.6043464
-0.60528237
-0.60414517
-0.6039356
-0.6038696
-0.6055618
-0.6042532
-0.60435075
-0.60492724
-0.60472846
-0.6037987
-0.60452443
-0.6046092
-0.60518533
-0.6045471
-0.60500723
-0.60550505
-0.6047222
-0.60512465
-0.60470843
-0.60327953
-0.6048772
