-0.23828565
-0.33411914
-0.38353533
-0.4167039
-0.42863053
-0.43794838
-0.44392753
-0.44704252
-0.4492198
-0.45020846
-0.45289025
-0.4533093
-0.4543134
-0.454373
-0.4548801
-0.45519203
-0.45539498
-0.4561324
-0.45545623
-0.45560735
-0.456797
-0.4565945
-0.45682684
-0.4564523
-0.4557649
-0.4573599
-0.45494962
-0.45584762
-0.45607653
-0.45223165
-0.45595503
-0.4551964
-0.45738912
-0.4563397
-0.45504862
-0.45646447
-0.45735022
-0.45743006
-0.45587316
-0.45650953
-0.457628
-0.45776644
-0.45843092
-0.45684445
-0.45677972
-0.45746243
-0.45728254
-0.45791918
-0.45626998
-0.45881832
