-0.1672608
-0.1873135
-0.2169646
-0.24665956
-0.26869485
-0.28660914
-0.3011554
-0.31468844
-0.32400876
-0.33283347
-0.3394457
-0.34472635
-0.35107648
-0.35599494
-0.36118978
-0.36402062
-0.36770663
-0.37011528
-0.370395
-0.3752454
-0.3784744
-0.38182113
-0.38451368
-0.38681597
-0.38858947
-0.38960487
-0.39114836
-0.39328602
-0.3940641
-0.39558434
-0.39476216
-0.39697087
-0.39657605
-0.39985803
-0.40192428
-0.40333676
-0.40495348
-0.40447453
-0.4064696
-0.40513033
-0.40651166
-0.40759692
-0.40824777
-0.4091365
-0.40950844
-0.41043347
-0.40999666
-0.41033682
-0.41306064
-0.41265044
-0.4125459
-0.41373035
-0.41307038
-0.41564497
-0.41616744
-0.4165635
-0.41727048
-0.4193105
-0.4195208
-0.42009595
-0.4218978
-0.42274234
-0.4245328
-0.42285866
-0.42382288
-0.42338526
-0.42209616
-0.4230799
-0.42360824
-0.42343432
-0.42279986
-0.42616197
-0.42622307
-0.42739832
-0.43029386
-0.42867908
-0.42744672
-0.42786592
-0.4283094
-0.42848703
-0.43073857
-0.4309987
-0.43133456
-0.43171734
-0.43050092
-0.43098626
-0.42863768
-0.42958117
-0.43132463
-0.43236807
-0.4335211
-0.43410733
-0.43401253
-0.43420696
-0.43380427
-0.4353481
-0.43398142
-0.43519926
-0.43575728
-0.43535322
-0.4363066
-0.43639734
-0.43637753
-0.4368285
-0.43751448
-0.43654045
-0.4379258
-0.44068462
-0.4401361
-0.43931425
-0.43901995
-0.43971992
-0.43924785
-0.4390023
-0.44066468
-0.43956396
-0.4396155
-0.44104257
-0.4416639
-0.44288826
-0.44171685
-0.44111577
-0.44108707
-0.4418071
-0.44160718
-0.44331318
-0.44257653
-0.44212043
-0.44349515
-0.4442778
-0.44333643
-0.4442021
-0.44313627
-0.44510788
-0.4445314
-0.4443558
-0.44487998
-0.4443286
-0.44354084
-0.44360977
-0.4423986
-0.44214076
-0.4439518
-0.4427695
-0.4433492
-0.44291484
-0.44293436
-0.44543895
-0.4445841
-0.4452902
-0.44589832
-0.4451667
-0.44681254
-0.44862524
-0.44839582
-0.44812337
-0.4482984
-0.44706646
-0.44672608
-0.4482532
-0.4486367
-0.44917402
-0.44870874
-0.44814205
-0.4496032
-0.44836673
-0.44887725
-0.4478608
-0.4481247
-0.4491367
-0.4491696
-0.44909427
-0.4483845
-0.44787887
-0.44826192
-0.4481663
-0.44883692
-0.4491985
-0.44932315
-0.4506761
-0.45002714
-0.44899842
-0.4494138
-0.45046175
-0.45154643
-0.45186776
-0.45188132
-0.45238155
-0.45146915
-0.45309258
-0.45325
-0.45223218
-0.45259187
-0.45219117
-0.4518619
-0.4502728
-0.45076147
-0.45184657
-0.45250097
-0.45258746
