0.81939584
0.6154646
0.5704951
0.5527495
0.54508835
0.5357923
0.5253196
0.51382583
0.50337213
0.49349505
0.4882972
0.48426884
0.48115408
0.478959
0.47730273
0.47635627
0.47537336
0.47345507
0.47174308
0.47074145
0.4686589
0.46789593
0.46591818
0.4658518
0.4653413
0.46465632
0.46255472
0.46313575
0.46060818
0.4606287
0.46143273
0.46106017
0.46220565
0.4595053
0.46033025
0.45880407
0.45909685
0.45893872
0.45680925
0.45798567
0.45643362
0.45634428
0.45499647
0.45282575
0.4535382
0.45159099
0.45063516
0.44897363
0.44617298
0.44344625
0.44235277
0.43969294
0.4408515
0.43811703
0.43798015
0.43505916
0.43256474
0.43006638
0.43082312
0.43134424
0.42574057
0.42516968
0.4228883
0.42211303
0.42023373
0.42090845
0.41999215
0.41995528
0.41518945
0.4150303
0.4112463
0.40731463
0.4073134
0.4039455
0.4021612
0.4013504
0.40002766
0.39803556
0.39755574
0.39642859
0.39867505
0.39441672
0.39299312
0.3933355
0.39265245
0.3926355
0.39299813
0.391173
0.3882942
0.3905435
0.39060852
0.38730484
0.38502982
0.38548836
0.3855994
0.38405916
0.38439953
0.38397637
0.38538253
0.38466516
0.38356888
0.38355398
0.3835661
0.38041747
0.38400203
0.3822359
0.38115662
0.37903804
0.3830599
0.382744
0.38145694
0.38261244
0.38117617
0.3810102
0.37958786
0.37884492
0.37817162
0.3797434
0.37989783
0.3798354
0.37878087
0.37985584
0.37956673
0.37771952
0.37944835
0.3791614
0.37781784
0.37691003
0.37847376
0.3780734
0.3775097
0.37508243
0.37238666
0.37362868
0.37339482
0.37257564
0.36979964
0.37251893
0.37101376
0.3699635
0.37017196
0.37104517
0.37168205
0.36865076
0.36779827
0.3704851
0.37139246
0.3714547
0.3673424
0.37003273
0.36616516
0.36854196
0.36716536
0.36840585
0.36721504
0.36952925
0.36900264
0.36649004
0.36872572
0.3671579
0.36665642
0.3665789
0.36595255
0.3684024
0.3689394
0.3650847
0.36557853
0.36580208
0.36480364
0.3640355
0.3628127
0.36518416
0.36329314
0.36302125
0.36575308
0.36332655
0.36073738
0.35997462
0.3627035
0.36326408
0.36242262
0.3638014
0.36052072
0.36118588
0.3594042
0.3626869
0.36091492
0.36323324
0.3598734
0.36256424
0.36089128
0.35898778
0.36029306
0.3609853
0.36130518
0.36444506
0.3614242
0.36170137
0.36245504
0.35963172
