-0.16787077
-0.17854458
-0.19568533
-0.20907466
-0.21879262
-0.22619458
-0.22843988
-0.23642002
-0.23866561
-0.24129826
-0.24591182
-0.24926876
-0.24936087
-0.2504135
-0.2538487
-0.25441557
-0.2545164
-0.25837275
-0.25818837
-0.25783196
-0.25934196
-0.2610722
-0.26292506
-0.26611003
-0.26331276
-0.26245824
-0.2664298
-0.26899403
-0.26893935
-0.27040967
-0.2681242
-0.27136692
-0.27283436
-0.27214444
-0.27153674
-0.27423602
-0.27634978
-0.27420804
-0.27291322
-0.27301174
-0.27632168
-0.27555698
-0.27547118
-0.2765578
-0.27643704
-0.27454302
-0.27663735
-0.27549517
-0.27622494
-0.2768836
-0.2796213
-0.27804542
-0.27787757
-0.27877232
-0.28098884
-0.28179777
-0.2814617
-0.28266412
-0.28220204
-0.2801878
-0.28264412
-0.27994558
-0.28362322
-0.2824227
-0.28126875
-0.28275958
-0.281632
-0.28297055
-0.28292146
-0.28292382
-0.28631023
-0.2833634
-0.2836393
-0.28306425
-0.2817803
-0.285648
-0.28760248
-0.28407508
-0.2851205
-0.28453633
-0.28577155
-0.28663257
-0.28781152
-0.28878236
-0.28702363
-0.28930655
-0.2863326
-0.28717026
-0.28929374
-0.28753048
-0.29065305
-0.28924218
-0.29106238
-0.28682342
-0.2896607
-0.28983852
-0.2897463
-0.28977618
-0.28701818
-0.28867185
-0.28993827
-0.28930104
-0.29092777
-0.29018006
-0.29125562
-0.28916013
-0.29256925
-0.29241222
-0.28998297
-0.29495814
-0.29450625
-0.29760972
-0.29355773
-0.2941485
-0.29377756
-0.29132
-0.29391247
-0.29393852
-0.2960248
-0.29567608
-0.29673183
-0.29683772
-0.29890338
-0.29742637
-0.2971715
-0.29756725
-0.29802674
-0.3000634
-0.3006433
-0.29854888
-0.29640433
-0.29696202
-0.29629937
-0.29564676
-0.2983553
-0.29920423
-0.29588455
-0.2966846
-0.29567048
-0.29855996
-0.2981704
-0.3005685
-0.29963812
-0.2970392
-0.30164635
-0.29916918
-0.3025777
-0.3020303
-0.3027463
-0.3026906
-0.3004341
-0.29866782
-0.29960918
-0.30290484
-0.30076572
-0.3039903
-0.30348474
-0.3024343
-0.30305386
-0.30210033
-0.3038394
-0.30156228
-0.302222
-0.30122367
-0.30310664
-0.30559126
-0.30410329
-0.30186284
-0.30041677
-0.30069414
-0.30157155
-0.30037507
-0.30356634
-0.30272016
-0.30039445
-0.30319536
-0.30506504
-0.30251628
-0.3030224
-0.30132875
-0.303029
-0.30205327
-0.30451283
-0.30481857
-0.30012357
-0.30261546
-0.30436006
-0.30511123
-0.30455574
-0.30381307
-0.30596018
-0.30303997
-0.30594376
-0.30560914
-0.3046402
-0.30524558
-0.29984537
-0.3035738
-0.30455482
-0.3028779
