1.7903844
1.76657
1.7372246
1.7091367
1.6861773
1.6670212
1.6517832
1.6390474
1.6277347
1.6184406
1.6104543
1.6043149
1.5987236
1.5942507
1.5885009
1.5857384
1.5818157
1.5777128
1.5749485
1.5718603
1.5690504
1.565954
1.5638957
1.56153
1.5591391
1.5575268
1.5553174
1.5539163
1.5516945
1.5504667
1.5490438
1.5474938
1.5451909
1.5444064
1.5428838
1.5415903
1.5406997
1.5393081
1.5381867
1.5377814
1.5365222
1.5352949
1.5339755
1.5335333
1.5321124
1.5313742
1.5304716
1.5298527
1.5291926
1.5281274
1.5271918
1.5264256
1.5253242
1.5248444
1.5240304
1.5232253
1.5219053
1.5213993
1.5208262
1.5201662
1.5190358
1.5184507
1.5173908
1.5172939
1.51648
1.5161873
1.5150695
1.5148934
1.5136015
1.5134807
1.5126854
1.5126958
1.5117794
1.5109129
1.5108067
1.5101817
1.5089998
1.5093029
1.5079483
1.5082282
1.506804
1.5067568
1.5062462
1.5059788
1.5051724
1.5045695
1.5042471
1.503938
1.5032731
1.5025228
1.5030229
1.5017865
1.5010656
1.5001961
1.5006108
1.4996805
1.4993678
1.4989486
1.4982072
1.4983833
1.4972125
1.4976348
1.496995
1.4962277
1.4958113
1.4959722
1.494899
1.4945577
1.4944386
1.4939126
1.4930091
1.4932655
1.4923733
1.4925885
1.4927514
1.4920266
1.4918325
1.4915112
1.4908849
1.4907774
1.4907328
1.4896128
1.4896263
1.4898229
1.4889914
1.4888076
1.4884961
1.4883058
1.4885333
1.4878856
1.487556
1.4873884
1.4873221
1.4865901
1.4869043
1.4864699
1.4854447
1.4857897
1.485876
1.4857147
